1173 1690 1222
1026 1594 1213
1338 1761 1071
1042 1668 1250
1239 1597 1161
1031 1521 1394
1074 1836 1199
1151 1777 1053
1309 1649 1034
1039 1859 1097
1214 1914 1239
1394 1849 1004
1299 1960 1137
1251 1763 1005
1215 1671 1465
1223 1754 1486
1275 1675 1077
1426 1667 1116
1347 1555 1083
1252 1558 1417
1133 1872 1372
1273 1519 1493
1241 1665 1056
1262 1946 1210
1344 1883 1097
1180 1745 1176
1235 1762 1498
1400 1926 1379
1121 1586 1442
1316 1586 1258
1424 1781 1396
1268 1551 1123
1257 1922 1228
1185 1656 1143
1326 1658 1476
1261 1691 1090
1033 1569 1375
1222 1608 1079
1148 1892 1044
1212 1826 1430
1370 1975 1413
1176 1635 1198
1457 1613 1385
1131 1901 1372
1272 1977 1439
1195 1803 1289
1267 1681 1438
1115 1753 1337
1493 1886 1196
1136 1592 1120
1407 1822 1169
1288 1531 1468
1339 1630 1479
1107 1856 1185
1401 1941 1362
1387 1542 1223
1194 1660 1382
1188 1881 1326
1200 1803 1050
1290 1762 1292
1326 1611 1400
1222 1849 1209
1451 1665 1244
1024 1816 1197
1000 1622 1420
1007 1948 1099
1271 1945 1495
1246 1606 1438
1025 1760 1154
1001 1685 1016
1457 1522 1044
1392 1617 1270
1305 1660 1321
1415 1606 1386
1014 1633 1135
1371 1693 1457
1216 1988 1074
1257 1725 1436
1244 1857 1114
1003 1521 1020
1106 1626 1484
1400 1602 1244
1370 1666 1056
1380 1769 1039
1419 1996 1225
1261 1660 1142
1300 1624 1272
1349 1682 1270
1121 1574 1196
1171 1544 1477
1169 1594 1070
1472 1623 1082
1267 1639 1226
1132 1937 1086
1173 1600 1375
1385 1757 1152
1189 1622 1041
1307 1628 1234
1024 1961 1497
1328 1673 1130
1078 1540 1266
1375 1825 1036
1490 1756 1091
1205 1994 1372
1041 1750 1316
1181 1515 1349
1161 1880 1373
1456 1987 1145
1468 1764 1134
1033 1834 1325
1089 1798 1286
1172 1686 1466
1389 1789 1027
1176 1927 1389
1257 1830 1256
1071 1872 1105
1274 1634 1112
1114 1578 1147
1269 1783 1214
1356 1587 1423
1232 1892 1487
1045 1832 1144
1239 1859 1079
1446 1596 1300
1241 1508 1344
1257 1638 1304
1497 1886 1149
1067 1872 1324
1099 1607 1468
1459 1833 1006
1268 1618 1160
1073 1927 1171
1131 1733 1474
1459 1584 1221
1107 1657 1072
1388 1851 1445
1186 1556 1029
1431 1520 1452
1484 1875 1353
1455 1858 1271
1477 1593 1429
1458 1941 1377
1336 1712 1456
1174 1539 1018
1005 1936 1069
1071 1888 1411
1130 1904 1479
1478 1679 1316
1433 1908 1354
1337 1753 1289
1287 1895 1303
1024 1743 1254
1344 1562 1040
1069 1636 1094
1407 1665 1230
1200 1768 1141
1246 1577 1026
1163 1843 1168
1286 1748 1128
1233 1754 1251
1152 1745 1257
1100 1572 1298
1215 1947 1325
1103 1541 1313
1204 1787 1201
1438 1898 1161
1475 1719 1085
1471 1939 1352
1399 1785 1421
1487 1896 1211
1291 1658 1090
1437 1729 1136
1024 1577 1076
1363 1964 1238
1004 1829 1210
1304 1593 1210
1070 1510 1412
1081 1889 1463
1489 1960 1342
1458 1777 1455
1405 1653 1150
1044 1914 1165
1486 1585 1437
1470 1951 1379
1295 1982 1177
1144 1989 1338
1463 1798 1030
1364 1841 1365
1101 1996 1088
1302 1504 1299
1476 1647 1493
1312 1610 1209
1143 1888 1411
1013 1957 1209
1118 1967 1207
1281 1971 1392
1279 1927 1145
1462 1603 1309
1250 1712 1265
1428 1751 1344
1165 1944 1026
1050 1766 1030
1086 1664 1337
1418 1640 1347
1087 1830 1152
1109 1884 1430
1183 1683 1173
1427 1977 1244
1010 1859 1316
1147 1817 1134
1107 1949 1051
1029 1703 1132
1021 1619 1078
1227 1544 1402
1495 1521 1029
1223 1509 1351
1327 1887 1306
1275 1936 1335
1120 1964 1099
1453 1518 1371
1001 1562 1014
1277 1901 1161
1435 1541 1206
1389 1556 1462
1192 1924 1315
1177 1538 1470
1396 1871 1433
1400 1879 1322
1330 1544 1313
1028 1875 1435
1437 1765 1172
1165 1706 1311
1007 1770 1274
1032 1911 1458
1179 1941 1199
1154 1599 1140
1307 1571 1133
1100 1587 1189
1302 1685 1369
1127 1628 1084
1164 1975 1174
1253 1891 1141
1013 1508 1299
1409 1608 1009
1122 1580 1465
1100 1844 1168
1067 1639 1052
1080 1525 1167
1303 1717 1362
1035 1925 1331
1454 1964 1222
1424 1827 1330
1107 1927 1472
1211 1770 1460
1348 1686 1196
1468 1632 1043
1409 1818 1447
1146 1789 1286
1107 1567 1329
1311 1565 1115
1048 1802 1063
1257 1931 1030
1031 1761 1213
1234 1683 1274
1247 1719 1201
1074 1725 1092
1017 1507 1050
1174 1926 1324
1343 1747 1124
1127 1875 1356
1445 1647 1293
1207 1843 1372
1282 1565 1369
1473 1896 1163
1374 1771 1091
1039 1945 1486
1299 1779 1274
1320 1909 1056
1410 1754 1282
1262 1768 1136
1202 1772 1072
1280 1556 1443
1433 1718 1349
1074 1795 1114
1306 1773 1017
1468 1665 1320
1487 1780 1410
1463 1977 1369
1062 1796 1277
1074 1848 1273
1373 1593 1349
1090 1725 1367
1316 1582 1347
1317 1919 1214
1450 1808 1484
1133 1946 1000
1136 1708 1138
1283 1769 1015
1428 1533 1460
1391 1731 1362
1439 1551 1122
1482 1754 1016
1334 1981 1418
1372 1702 1388
1196 1916 1077
1115 1848 1137
1459 1559 1330
1442 1751 1012
1144 1907 1338
1348 1565 1107
1071 1895 1311
1299 1713 1265
1108 1592 1048
1498 1685 1236
1406 1832 1235
1188 1983 1444
1374 1988 1103
1433 1623 1399
1368 1606 1451
1376 1894 1427
1067 1976 1496
1398 1719 1391
1307 1769 1009
1113 1707 1034
1087 1808 1473
1207 1690 1364
1083 1755 1164
1073 1736 1048
1446 1977 1142
1107 1647 1247
1328 1504 1321
1340 1707 1063
1265 1935 1284
1239 1506 1310
1281 1655 1107
1325 1867 1143
1202 1520 1073
1323 1892 1209
1129 1953 1320
1394 1727 1454
1120 1711 1369
1155 1702 1194
1282 1908 1330
1200 1800 1066
1101 1784 1437
1305 1629 1031
1155 1661 1276
1425 1578 1311
1395 1791 1250
1204 1985 1137
1036 1596 1253
1089 1925 1487
1160 1838 1142
1125 1839 1050
1430 1983 1036
1256 1553 1074
1211 1582 1283
1191 1710 1092
1230 1722 1146
1406 1947 1290
1078 1942 1063
1343 1970 1108
1000 1640 1092
1489 1746 1450
1350 1881 1439
1051 1698 1279
1420 1822 1454
1424 1851 1277
1156 1779 1269
1480 1564 1288
1053 1604 1398
1141 1528 1346
1241 1517 1204
1452 1959 1027
1437 1607 1044
1255 1689 1105
1433 1783 1265
1095 1896 1129
1163 1632 1384
1376 1907 1152
1385 1530 1282
1258 1728 1259
1275 1901 1269
1268 1745 1141
1142 1501 1221
1304 1775 1197
1350 1516 1326
1192 1942 1076
1237 1834 1281
1020 1851 1329
1490 1874 1041
1025 1908 1280
1113 1847 1443
1084 1823 1481
1458 1701 1125
1026 1969 1493
1289 1684 1475
1384 1931 1108
1347 1996 1249
1296 1851 1148
1507 1089 1961
1760 1303 1916
1555 1040 1922
1882 1483 1503
1872 1334 1514
1779 1325 1563
1706 1201 1995
1890 1228 1753
1767 1177 1810
1581 1333 1941
1752 1198 1631
1792 1342 1711
1649 1487 1581
1605 1296 1785
1968 1207 1895
1509 1245 1520
1520 1259 1839
1757 1119 1967
1611 1447 1946
1535 1106 1731
1568 1059 1883
1798 1104 1879
1558 1137 1728
1735 1472 1969
1916 1444 1583
1968 1446 1805
1681 1252 1547
1659 1000 1532
1553 1176 1937
1624 1146 1998
1664 1159 1684
1947 1377 1938
1591 1071 1642
1827 1168 1924
1536 1252 1835
1697 1358 1995
1829 1391 1617
1956 1398 1600
1916 1303 1821
1824 1387 1689
1828 1199 1870
1762 1033 1726
1549 1201 1833
1802 1216 1523
1597 1133 1551
1763 1464 1935
1932 1401 1793
1670 1226 1878
1875 1470 1588
1798 1189 1827
1766 1170 1695
1819 1416 1963
1869 1338 1792
1866 1000 1948
1952 1294 1960
1585 1195 1966
1799 1081 1882
1555 1148 1890
1572 1157 1561
1582 1290 1546
1750 1434 1785
1772 1182 1597
1720 1235 1699
1846 1261 1503
1781 1300 1708
1972 1318 1607
1616 1447 1966
1891 1460 1705
1917 1377 1681
1858 1403 1516
1748 1167 1619
1913 1264 1648
1803 1494 1797
1979 1171 1531
1940 1071 1731
1863 1251 1595
1780 1301 1936
1559 1232 1961
1916 1201 1635
1763 1468 1860
1617 1363 1955
1779 1175 1594
1666 1243 1960
1840 1499 1954
1721 1148 1930
1856 1122 1761
1968 1497 1601
1754 1476 1807
1573 1243 1741
1537 1243 1658
1810 1079 1733
1854 1222 1886
1744 1149 1609
1787 1335 1627
1542 1316 1865
1506 1056 1552
1759 1064 1768
1652 1324 1665
1726 1050 1817
1700 1403 1532
1841 1076 1814
1585 1161 1783
1787 1471 1604
1676 1417 1749
1657 1322 1819
1746 1197 1903
1571 1037 1682
1561 1227 1843
1617 1486 1867
1666 1480 1898
1546 1161 1577
1627 1162 1715
1503 1125 1616
1822 1315 1900
1609 1106 1918
1815 1118 1583
1882 1247 1966
1993 1183 1711
1769 1056 1983
1711 1134 1976
1903 1106 1990
1642 1259 1783
1636 1311 1953
1990 1227 1537
1765 1095 1605
1626 1199 1771
1744 1341 1608
1679 1410 1556
1807 1058 1905
1572 1083 1918
1520 1003 1713
1980 1221 1806
1953 1095 1638
1664 1349 1521
1570 1418 1898
1702 1482 1591
1590 1113 1790
1715 1075 1722
1841 1423 1904
1500 1093 1544
1518 1240 1817
1812 1027 1620
1808 1480 1591
1537 1407 1666
1910 1196 1872
1852 1372 1696
1906 1043 1834
1853 1096 1846
1862 1405 1563
1730 1406 1724
1998 1198 1985
1804 1357 1933
1625 1306 1744
1541 1343 1760
1820 1068 1549
1704 1109 1877
1603 1333 1924
1784 1293 1612
1882 1458 1803
1976 1437 1703
1523 1248 1953
1612 1282 1938
1807 1022 1647
1506 1334 1743
1686 1490 1827
1749 1318 1625
1595 1369 1697
1793 1284 1912
1616 1440 1793
1927 1047 1684
1650 1482 1989
1946 1263 1772
1541 1126 1938
1514 1290 1985
1526 1482 1834
1728 1046 1924
1714 1403 1862
1549 1304 1994
1628 1234 1999
1766 1293 1836
1739 1358 1521
1539 1035 1607
1953 1401 1633
1654 1443 1709
1999 1381 1791
1970 1485 1952
1630 1076 1705
1663 1369 1726
1566 1095 1773
1698 1065 1995
1700 1432 1813
1669 1312 1517
1694 1449 1520
1819 1127 1782
1658 1348 1978
1865 1184 1905
1758 1244 1775
1931 1092 1604
1587 1034 1633
1985 1410 1512
1778 1412 1902
1687 1134 1698
1578 1394 1557
1975 1218 1597
1847 1478 1559
1635 1060 1507
1704 1009 1936
1909 1206 1936
1912 1475 1526
1612 1432 1897
1721 1109 1759
1610 1497 1761
1742 1326 1961
1914 1159 1743
1989 1217 1975
1992 1489 1976
1715 1300 1621
1521 1080 1668
1576 1467 1991
1829 1202 1727
1813 1171 1874
1512 1100 1938
1550 1410 1924
1777 1201 1864
1565 1078 1974
1654 1295 1559
1964 1243 1875
1664 1296 1533
1957 1269 1804
1984 1330 1649
1812 1144 1614
1711 1196 1973
1961 1144 1640
1663 1018 1953
1736 1248 1661
1740 1136 1953
1995 1193 1522
1570 1080 1892
1821 1051 1657
1980 1030 1829
1925 1042 1836
1873 1143 1520
1725 1345 1695
1580 1478 1981
1901 1342 1641
1985 1269 1577
1575 1451 1768
1662 1034 1571
1608 1414 1633
1963 1245 1629
1583 1449 1850
1981 1208 1805
1698 1019 1582
1914 1102 1699
1690 1087 1615
1992 1153 1872
1622 1243 1934
1824 1165 1877
1777 1155 1925
1635 1304 1776
1955 1253 1707
1628 1455 1734
1673 1448 1501
1564 1444 1513
1705 1171 1813
1860 1154 1715
1638 1242 1716
1950 1260 1990
1739 1034 1503
1973 1209 1757
1925 1026 1844
1588 1283 1584
1818 1460 1788
1978 1247 1670
1703 1010 1772
1592 1273 1779
1646 1226 1813
1618 1377 1697
1610 1085 1827
1667 1059 1944
1636 1331 1851
1969 1402 1643
1808 1498 1985
1838 1169 1856
1760 1025 1652
1841 1169 1826
1955 1381 1906
1970 1340 1633
1990 1151 1590
1874 1177 1505
1820 1357 1823
1556 1234 1540
1525 1435 1874
1679 1120 1764
1523 1470 1569
1567 1368 1611
1628 1359 1568
1787 1157 1860
1909 1154 1663
1543 1323 1936
1869 1090 1613
1944 1204 1512
1800 1405 1766
1745 1425 1783
1963 1444 1976
1774 1276 1600
1804 1267 1970
1789 1387 1652
1874 1026 1596
1539 1274 1643
1836 1013 1866
1876 1117 1600
1590 1233 1892
1769 1237 1507
1911 1373 1573
1987 1335 1725
1950 1289 1538
1831 1350 1862
1543 1089 1782
1841 1200 1765
1598 1259 1581
1995 1093 1724
1971 1425 1996
1938 1441 1803
1715 1456 1729
1999 1442 1746
1503 1423 1606
1561 1308 1604
1828 1270 1706
1500 1335 1553
1818 1488 1839
1515 1371 1569
1727 1477 1512
1979 1233 1677
1893 1116 1532
1967 1383 1745
1666 1489 1648
1807 1250 1949
1816 1430 1535
1860 1111 1665
1743 1080 1859
1862 1399 1774
1772 1020 1982
1693 1178 1690
1987 1139 1747
1803 1036 1774
1678 1469 1829
1630 1097 1813
1755 1300 1925
1545 1110 1984
1999 1049 1806
1695 1219 1715
1512 1390 1509
1691 1335 1660
1508 1339 1551
1935 1001 1990
1927 1206 1715
1777 1477 1604
1992 1391 1580
1921 1470 1694
1863 1258 1864
1915 1306 1531
1543 1023 1930
1956 1087 1887
1596 1328 1757
1966 1440 1780
1981 1367 1680
1763 1337 1921
1933 1134 1737
1501 1171 1607
1970 1022 1738
1664 1480 1588
1708 1253 1860
1807 1232 1963
1916 1380 1593
1947 1405 1891
1729 1264 1652
1685 1381 1658
1965 1151 1882
1846 1339 1717
1907 1129 1933
1974 1323 1549
1506 1438 1918
1909 1261 1558
1656 1205 1835
1953 1035 1686
1775 1486 1558
1844 1136 1661
1916 1029 1962
1855 1228 1838
1710 1209 1956
1531 1321 1842
1586 1468 1736
1827 1367 1996
1758 1346 1939
1869 1456 1859
1583 1386 1887
1629 1105 1549
1997 1295 1951
1521 1238 1563
