1225 1918 1298
1330 1868 1296
1350 1738 1240
1363 1877 1439
1382 1772 1423
1077 1981 1210
1299 1543 1075
1192 1916 1011
1008 1524 1215
1268 1751 1129
1131 1654 1301
1113 1890 1266
1216 1825 1272
1176 1555 1044
1169 1995 1343
1182 1585 1108
1275 1610 1368
1073 1637 1353
1080 1851 1195
1379 1975 1215
1489 1535 1102
1430 1954 1130
1193 1743 1237
1066 1608 1148
1328 1543 1184
1200 1600 1168
1244 1781 1053
1167 1964 1377
1420 1540 1205
1261 1659 1383
1330 1578 1156
1038 1705 1171
1000 1564 1461
1185 1853 1094
1377 1523 1445
1176 1974 1096
1486 1892 1497
1010 1685 1093
1242 1930 1483
1050 1665 1195
1363 1625 1445
1264 1589 1276
1049 1833 1272
1425 1972 1473
1041 1543 1033
1412 1709 1405
1108 1508 1426
1443 1625 1271
1410 1692 1140
1213 1742 1323
1050 1835 1443
1341 1887 1249
1314 1561 1039
1426 1873 1242
1244 1958 1358
1254 1874 1170
1496 1822 1175
1000 1748 1402
1038 1745 1426
1158 1892 1064
1127 1932 1274
1162 1679 1212
1113 1696 1461
1147 1883 1478
1375 1946 1438
1062 1801 1259
1220 1660 1237
1431 1930 1260
1314 1684 1393
1312 1741 1486
1434 1793 1291
1459 1584 1153
1263 1762 1242
1447 1652 1270
1340 1933 1159
1253 1744 1091
1131 1786 1451
1301 1704 1262
1405 1951 1164
1157 1801 1061
1108 1523 1153
1317 1573 1333
1157 1619 1476
1026 1872 1113
1375 1785 1355
1156 1868 1399
1056 1698 1272
1071 1785 1454
1071 1844 1309
1277 1806 1427
1322 1948 1272
1147 1704 1283
1013 1813 1377
1302 1616 1265
1093 1814 1044
1130 1912 1029
1132 1935 1099
1473 1652 1412
1169 1942 1454
1086 1628 1005
1027 1546 1306
1403 1986 1467
1491 1892 1391
1435 1572 1357
1025 1950 1261
1204 1688 1168
1497 1644 1483
1435 1570 1443
1210 1749 1014
1346 1530 1397
1289 1803 1198
1084 1960 1278
1162 1749 1089
1277 1575 1092
1001 1795 1152
1098 1851 1034
1120 1759 1308
1217 1549 1347
1046 1561 1289
1447 1854 1072
1433 1873 1329
1295 1502 1441
1456 1585 1441
1299 1867 1476
1458 1789 1291
1246 1590 1000
1181 1850 1485
1385 1792 1242
1075 1616 1466
1215 1672 1420
1078 1500 1033
1006 1513 1228
1278 1511 1120
1348 1893 1207
1446 1773 1145
1223 1966 1160
1114 1633 1011
1441 1828 1095
1177 1654 1062
1093 1522 1233
1493 1605 1252
1097 1750 1143
1310 1732 1033
1470 1620 1037
1230 1597 1176
1097 1842 1351
1298 1879 1340
1159 1574 1187
1082 1878 1197
1103 1517 1030
1393 1556 1398
1171 1707 1251
1408 1809 1289
1171 1551 1030
1029 1950 1188
1019 1901 1455
1380 1906 1061
1338 1537 1470
1274 1849 1148
1114 1707 1444
1022 1928 1235
1310 1967 1199
1007 1841 1143
1324 1677 1445
1415 1754 1225
1202 1743 1368
1075 1711 1160
1324 1689 1179
1143 1750 1261
1133 1801 1028
1286 1598 1330
1188 1649 1286
1416 1891 1033
1471 1909 1485
1328 1696 1110
1267 1750 1146
1385 1859 1103
1395 1579 1305
1401 1661 1293
1425 1948 1389
1195 1965 1036
1179 1861 1292
1391 1965 1399
1014 1665 1035
1343 1653 1083
1466 1661 1082
1259 1603 1033
1344 1736 1074
1442 1873 1039
1460 1596 1180
1153 1663 1094
1454 1817 1160
1261 1714 1003
1401 1505 1127
1437 1806 1414
1139 1956 1241
1453 1529 1330
1376 1932 1322
1120 1646 1330
1075 1554 1325
1194 1734 1418
1002 1900 1004
1498 1810 1296
1329 1807 1184
1462 1923 1404
1289 1937 1303
1389 1750 1105
1470 1790 1361
1271 1666 1486
1316 1534 1371
1301 1611 1302
1235 1611 1417
1491 1772 1360
1259 1760 1237
1369 1596 1357
1139 1708 1472
1016 1941 1296
1285 1862 1247
1193 1589 1002
1185 1654 1244
1012 1600 1136
1476 1766 1325
1288 1952 1164
1190 1690 1099
1421 1689 1246
1222 1543 1405
1498 1849 1015
1127 1991 1469
1289 1967 1029
1302 1922 1400
1489 1666 1166
1183 1592 1383
1267 1623 1352
1386 1806 1476
1465 1834 1397
1375 1993 1109
1305 1580 1118
1176 1823 1354
1278 1685 1303
1160 1835 1455
1333 1620 1230
1245 1803 1177
1120 1743 1080
1313 1522 1258
1298 1719 1310
1144 1965 1077
1222 1699 1042
1247 1967 1303
1152 1627 1265
1051 1812 1023
1384 1635 1097
1451 1718 1148
1287 1830 1127
1106 1815 1070
1267 1558 1285
1207 1580 1056
1489 1670 1265
1491 1789 1453
1497 1671 1174
1226 1973 1135
1377 1684 1114
1393 1917 1441
1358 1653 1231
1359 1765 1215
1044 1693 1496
1301 1699 1100
1152 1725 1493
1231 1643 1122
1316 1902 1295
1046 1700 1095
1465 1984 1261
1309 1674 1083
1485 1686 1167
1252 1667 1198
1394 1709 1105
1214 1856 1453
1387 1966 1459
1285 1626 1030
1408 1829 1026
1136 1727 1466
1102 1524 1073
1387 1627 1044
1247 1607 1023
1093 1958 1399
1322 1627 1088
1333 1716 1408
1443 1543 1134
1056 1795 1406
1371 1794 1090
1273 1503 1334
1152 1632 1332
1145 1775 1331
1357 1545 1445
1017 1914 1245
1196 1658 1116
1291 1612 1124
1054 1847 1304
1142 1684 1396
1400 1659 1477
1426 1550 1072
1206 1876 1246
1469 1815 1174
1065 1716 1417
1215 1615 1094
1255 1594 1126
1442 1909 1152
1352 1731 1279
1093 1552 1413
1076 1782 1378
1188 1520 1052
1489 1871 1044
1388 1744 1049
1420 1805 1112
1401 1553 1222
1498 1787 1492
1058 1599 1475
1281 1538 1313
1262 1558 1335
1203 1647 1489
1071 1931 1073
1441 1975 1461
1425 1853 1108
1024 1544 1170
1171 1546 1218
1485 1501 1391
1142 1937 1399
1188 1569 1095
1044 1812 1217
1358 1771 1450
1126 1992 1066
1400 1793 1288
1201 1508 1394
1007 1540 1270
1147 1870 1028
1008 1966 1172
1455 1622 1050
1267 1663 1449
1439 1877 1156
1122 1751 1017
1362 1881 1027
1133 1648 1094
1174 1915 1435
1142 1911 1411
1015 1934 1051
1382 1585 1203
1336 1848 1135
1324 1719 1400
1256 1971 1255
1334 1731 1195
1344 1619 1427
1242 1564 1336
1108 1542 1425
1432 1879 1222
1445 1550 1496
1344 1808 1234
1275 1508 1331
1339 1635 1434
1173 1673 1243
1048 1729 1281
1009 1520 1489
1186 1859 1053
1001 1508 1357
1312 1894 1399
1150 1880 1248
1341 1935 1048
1377 1516 1170
1433 1809 1473
1258 1919 1486
1085 1816 1162
1238 1568 1187
1162 1996 1299
1455 1637 1445
1217 1978 1188
1091 1598 1291
1431 1605 1151
1064 1565 1395
1062 1581 1282
1193 1691 1405
1119 1724 1334
1043 1611 1121
1295 1638 1140
1118 1693 1488
1186 1966 1340
1357 1520 1106
1450 1814 1470
1255 1552 1315
1123 1834 1067
1211 1880 1141
1337 1971 1055
1431 1677 1379
1448 1520 1216
1294 1971 1140
1297 1741 1142
1172 1954 1111
1114 1654 1105
1059 1800 1092
1386 1712 1288
1067 1701 1155
1226 1951 1384
1103 1730 1090
1371 1767 1196
1122 1870 1333
1213 1795 1437
1400 1525 1444
1015 1864 1466
1216 1763 1420
1269 1976 1081
1380 1574 1448
1134 1651 1119
1308 1930 1036
1289 1516 1309
1085 1562 1350
1115 1834 1111
1134 1568 1072
1397 1765 1419
1277 1755 1074
1061 1775 1007
1416 1969 1349
1095 1841 1314
1362 1573 1413
1482 1966 1232
1304 1822 1205
1361 1586 1088
1213 1697 1199
1384 1716 1316
1123 1500 1158
1006 1866 1267
1123 1839 1181
1274 1783 1161
1429 1612 1423
1125 1949 1070
1392 1956 1326
1100 1950 1209
1146 1731 1264
1323 1925 1346
1235 1936 1420
1055 1626 1206
1479 1938 1212
1453 1579 1384
1284 1652 1399
1053 1554 1458
1243 1943 1127
1212 1585 1165
1011 1995 1357
1198 1653 1153
1044 1710 1345
1103 1690 1223
1240 1961 1284
1155 1939 1233
1288 1670 1250
1264 1586 1113
1145 1925 1486
1074 1831 1331
1422 1820 1278
1481 1554 1449
1297 1961 1337
1130 1743 1424
1376 1712 1112
1455 1744 1421
1139 1567 1174
1189 1831 1146
1414 1886 1210
1152 1845 1271
1468 1608 1289
1031 1865 1010
1390 1904 1438
1073 1514 1126
1487 1502 1237
1403 1780 1140
1061 1889 1363
1261 1923 1408
1293 1598 1346
1475 1922 1436
1029 1550 1316
1220 1863 1239
1420 1861 1458
1451 1642 1373
1410 1533 1261
1447 1908 1031
1085 1758 1010
1225 1957 1429
1198 1520 1326
1416 1712 1038
1363 1542 1010
1324 1883 1049
1277 1683 1160
1411 1900 1459
1458 1825 1199
1149 1859 1227
1437 1666 1108
1031 1782 1099
1164 1732 1137
1001 1980 1339
1051 1711 1066
1243 1911 1120
1318 1741 1255
1313 1651 1050
1031 1926 1171
1035 1518 1131
1445 1870 1172
1150 1806 1266
1055 1928 1197
1226 1992 1094
1337 1943 1408
1025 1896 1215
1246 1920 1085
1155 1748 1177
1133 1662 1210
1058 1829 1122
1363 1616 1039
1170 1689 1050
1070 1672 1490
1044 1882 1311
1039 1537 1417
1425 1834 1163
1342 1682 1239
1269 1605 1015
1091 1991 1389
1403 1663 1475
1016 1639 1348
1342 1806 1329
1073 1852 1001
1250 1627 1427
1220 1854 1072
1479 1765 1265
1194 1938 1456
1369 1788 1216
1151 1536 1047
1324 1615 1185
1473 1538 1161
1113 1795 1435
1320 1731 1222
1444 1573 1276
1439 1897 1320
1360 1689 1289
1125 1936 1428
1250 1528 1411
1193 1831 1397
1190 1913 1378
1499 1986 1309
1114 1876 1037
1393 1554 1105
1306 1825 1347
1272 1522 1404
1391 1600 1179
1485 1929 1279
1030 1558 1055
1120 1718 1483
1242 1752 1258
1381 1881 1261
1141 1759 1354
1429 1715 1195
1499 1899 1167
1062 1626 1392
1059 1669 1107
1485 1747 1463
1371 1694 1190
1029 1799 1180
1248 1656 1309
1191 1984 1423
1626 1290 1619
1675 1246 1731
1894 1178 1652
1596 1376 1558
1585 1270 1677
1867 1124 1592
1601 1343 1883
1956 1242 1635
1901 1056 1838
1741 1107 1983
1789 1495 1841
1925 1071 1665
1968 1377 1883
1647 1324 1831
1624 1411 1956
1729 1140 1515
1785 1149 1868
1547 1457 1729
1834 1072 1864
1761 1399 1724
1843 1192 1658
1881 1042 1938
1940 1448 1651
1738 1292 1793
1995 1290 1918
1799 1117 1581
1666 1213 1944
1714 1378 1891
1523 1061 1920
1828 1005 1769
1756 1429 1607
1929 1424 1532
1748 1064 1935
1808 1258 1743
1695 1460 1847
1891 1153 1501
1593 1264 1930
1717 1482 1534
1694 1312 1833
1719 1397 1790
1597 1480 1825
1937 1321 1595
1618 1469 1730
1762 1331 1801
1643 1430 1583
1674 1216 1824
1864 1174 1574
1755 1444 1842
1956 1147 1578
1949 1456 1674
1793 1275 1873
1802 1467 1871
1969 1124 1754
1612 1481 1940
1954 1148 1591
1695 1391 1980
1738 1128 1847
1506 1144 1831
1746 1391 1708
1737 1147 1599
1856 1481 1788
1591 1397 1587
1743 1312 1607
1946 1467 1953
1855 1480 1644
1710 1295 1742
1733 1290 1985
1549 1125 1786
1784 1020 1608
1515 1490 1854
1761 1471 1902
1751 1031 1571
1963 1400 1737
1713 1420 1717
1595 1197 1877
1954 1005 1729
1610 1347 1691
1696 1370 1654
1765 1011 1782
1967 1413 1955
1676 1144 1825
1838 1208 1749
1614 1469 1770
1894 1163 1987
1759 1151 1679
1594 1013 1504
1840 1030 1666
1651 1306 1595
1749 1319 1950
1546 1444 1531
1985 1344 1766
1559 1485 1941
1782 1226 1657
1840 1027 1878
1842 1251 1933
1551 1012 1623
1927 1142 1713
1552 1045 1677
1825 1349 1681
1535 1044 1840
1826 1005 1626
1818 1059 1556
1712 1336 1523
1501 1312 1750
1988 1185 1911
1903 1219 1624
1519 1074 1809
1944 1083 1789
1724 1293 1554
1972 1368 1743
1809 1463 1813
1772 1043 1935
1771 1314 1503
1731 1282 1677
1780 1117 1730
1800 1308 1904
1857 1113 1759
1613 1243 1503
1641 1476 1611
1886 1438 1595
1540 1041 1828
1628 1015 1526
1890 1491 1548
1720 1198 1938
1725 1313 1858
1578 1400 1991
1870 1459 1685
1877 1343 1799
1700 1407 1944
1751 1022 1938
1759 1136 1518
1582 1408 1908
1904 1165 1512
1744 1482 1540
1569 1412 1789
1511 1093 1643
1726 1330 1532
1633 1187 1861
1750 1189 1826
1545 1097 1903
1870 1076 1907
1634 1402 1560
1873 1429 1737
1925 1405 1558
1806 1044 1524
1818 1357 1686
1911 1236 1532
1698 1336 1626
1601 1325 1761
1837 1187 1806
1850 1091 1518
1938 1309 1752
1693 1210 1807
1972 1180 1524
1679 1494 1701
1710 1451 1565
1733 1344 1647
1609 1239 1910
1782 1203 1534
1948 1406 1775
1542 1060 1850
1817 1072 1731
1876 1421 1577
1931 1234 1671
1818 1394 1620
1865 1353 1840
1522 1027 1845
1840 1469 1760
1828 1198 1989
1959 1099 1859
1833 1110 1851
1953 1077 1917
1969 1420 1891
1962 1433 1819
1960 1222 1847
1843 1116 1662
1898 1386 1778
1623 1180 1834
1574 1466 1537
1874 1062 1710
1782 1410 1604
1526 1136 1989
1662 1485 1875
1790 1489 1573
1857 1477 1875
1766 1210 1535
1515 1416 1954
1588 1463 1707
1916 1203 1972
1953 1379 1539
1572 1124 1654
1952 1219 1540
1797 1054 1664
1715 1192 1756
1730 1485 1698
1640 1328 1732
1883 1172 1589
1557 1390 1648
1827 1482 1781
1837 1432 1733
1973 1089 1777
1712 1224 1985
1542 1355 1800
1901 1468 1745
1778 1173 1937
1821 1335 1868
1796 1457 1738
1697 1076 1828
1513 1192 1939
1894 1213 1764
1716 1475 1920
1963 1299 1796
1930 1202 1544
1630 1189 1667
1788 1461 1694
1785 1472 1891
1770 1142 1560
1755 1162 1536
1677 1040 1888
1548 1313 1676
1714 1209 1583
1988 1387 1571
1696 1098 1513
1983 1098 1510
1953 1277 1657
1969 1251 1696
1923 1432 1737
1868 1306 1563
1668 1442 1646
1557 1227 1543
1698 1357 1563
1506 1455 1594
1523 1226 1564
1598 1497 1920
1713 1076 1653
1575 1144 1561
1609 1122 1512
1664 1396 1875
1861 1290 1892
1710 1481 1689
1846 1112 1664
1973 1416 1822
1842 1344 1884
1948 1083 1867
1904 1048 1739
1953 1346 1613
1586 1342 1841
1562 1183 1537
1771 1015 1789
1910 1136 1642
1590 1339 1977
1523 1350 1860
1983 1451 1769
1555 1115 1600
1853 1196 1760
1556 1459 1944
1577 1224 1999
1950 1481 1794
1824 1301 1975
1844 1432 1655
1700 1274 1636
1823 1395 1573
1848 1376 1876
1509 1147 1876
1648 1053 1914
1906 1201 1572
1806 1100 1855
1799 1397 1977
1747 1372 1576
1840 1225 1967
1789 1446 1566
1664 1224 1578
1776 1354 1578
1861 1293 1784
1667 1423 1709
1707 1132 1787
1690 1435 1529
1743 1166 1502
1840 1101 1505
1956 1495 1768
1903 1439 1518
1990 1437 1764
1871 1307 1751
1797 1451 1988
1705 1192 1993
1664 1015 1883
1741 1139 1822
1738 1113 1508
1877 1465 1731
1741 1040 1849
1865 1431 1969
1982 1431 1896
1559 1487 1675
1678 1400 1829
1728 1434 1752
1617 1281 1607
1631 1374 1882
1909 1054 1587
1639 1272 1731
1503 1041 1722
1995 1460 1870
1740 1095 1980
1780 1281 1979
1771 1139 1622
1502 1289 1979
1635 1419 1941
1930 1040 1946
1696 1237 1902
1896 1465 1869
1828 1320 1596
1516 1050 1689
1864 1019 1900
1861 1401 1905
1751 1482 1958
1512 1092 1627
1976 1125 1922
1904 1486 1561
1900 1004 1750
1540 1188 1512
1622 1389 1928
1882 1013 1911
1949 1012 1958
1594 1201 1951
1911 1021 1965
1567 1199 1928
1688 1340 1735
1632 1129 1705
1559 1121 1621
1662 1287 1941
1907 1060 1630
1704 1100 1629
1681 1413 1961
1773 1410 1686
1532 1051 1681
1598 1230 1993
1730 1391 1702
1717 1275 1845
1685 1198 1917
1559 1146 1742
1886 1286 1532
1619 1198 1747
1790 1322 1633
1595 1259 1550
1580 1020 1605
1953 1346 1945
1583 1461 1974
1819 1382 1519
1691 1355 1767
1645 1218 1783
1948 1296 1814
1956 1150 1606
1644 1499 1573
1794 1266 1621
1776 1295 1575
1525 1052 1876
1958 1219 1724
1713 1283 1587
1763 1224 1589
1780 1287 1604
1690 1290 1618
1507 1242 1573
1782 1327 1854
1660 1358 1515
1834 1337 1701
1869 1272 1744
1518 1117 1505
1734 1004 1635
1532 1012 1813
1935 1168 1513
1940 1003 1610
1539 1179 1802
1968 1212 1829
1882 1441 1660
1656 1008 1509
1686 1242 1611
1580 1243 1664
1643 1390 1997
1976 1088 1589
1524 1485 1672
1550 1455 1973
1823 1262 1687
1976 1353 1615
1773 1064 1678
1567 1440 1992
1808 1328 1608
1554 1358 1787
1869 1112 1647
1678 1008 1754
1909 1085 1850
1911 1102 1711
1780 1428 1547
1523 1460 1587
1741 1289 1884
1893 1494 1819
1747 1377 1684
1576 1398 1987
1803 1241 1937
1979 1262 1944
1667 1004 1631
1633 1455 1965
1976 1432 1542
1860 1319 1869
1580 1284 1757
1606 1048 1557
1567 1328 1786
1591 1279 1547
1713 1300 1920
1780 1346 1846
1901 1066 1722
1538 1431 1784
1692 1442 1682
1570 1395 1774
1565 1363 1545
1885 1225 1538
1582 1138 1603
1687 1192 1746
1597 1004 1588
1546 1171 1574
1897 1207 1876
1861 1172 1767
1813 1039 1720
1680 1082 1906
1547 1215 1792
1846 1021 1715
1705 1294 1658
1912 1416 1890
1619 1332 1520
1866 1028 1825
1827 1438 1657
1949 1452 1808
1922 1006 1833
1763 1405 1609
1608 1120 1668
1517 1266 1514
1520 1462 1958
1728 1268 1520
1963 1378 1517
1865 1385 1834
1692 1152 1870
1673 1168 1980
1945 1356 1864
1537 1295 1648
1857 1012 1523
1638 1494 1706
1709 1051 1874
1881 1158 1663
1745 1480 1538
1534 1183 1578
1913 1317 1960
1688 1245 1996
1985 1270 1787
1996 1362 1607
1989 1275 1565
1739 1214 1809
1920 1092 1892
1979 1071 1578
1720 1051 1727
1783 1000 1568
1561 1074 1916
1661 1179 1702
1527 1278 1569
1623 1214 1854
1614 1111 1511
1527 1258 1738
1711 1356 1897
1868 1492 1878
1711 1173 1577
1721 1276 1801
1557 1318 1758
1960 1496 1727
1842 1214 1931
1624 1423 1729
1717 1422 1517
1626 1269 1963
1560 1180 1669
1571 1496 1998
1797 1379 1723
1513 1233 1515
1784 1053 1840
1589 1143 1874
1761 1134 1830
1561 1405 1703
1568 1473 1573
1955 1435 1809
1922 1407 1881
1875 1068 1589
1686 1125 1848
1566 1465 1740
1754 1334 1900
1686 1191 1689
1518 1401 1601
1814 1282 1562
1997 1092 1618
1925 1104 1780
1995 1054 1723
1800 1206 1875
1572 1343 1819
1596 1283 1683
1740 1118 1645
1659 1020 1927
1623 1023 1789
1534 1140 1749
1693 1050 1849
1728 1020 1754
1518 1102 1846
1914 1409 1935
1635 1418 1893
1937 1465 1586
1712 1130 1766
1886 1320 1717
1681 1437 1740
1653 1192 1999
1728 1333 1937
1627 1384 1882
1608 1223 1905
1687 1388 1763
1910 1241 1980
1906 1214 1708
1932 1041 1855
1868 1071 1902
1927 1370 1866
1513 1491 1841
1617 1460 1884
1613 1215 1732
1555 1388 1571
1804 1252 1871
1948 1351 1757
1849 1012 1913
1955 1304 1934
1768 1360 1894
1700 1251 1943
1699 1350 1530
1615 1000 1905
1547 1471 1869
1650 1318 1666
1804 1257 1970
1975 1016 1856
1639 1052 1602
1956 1182 1745
1577 1466 1730
1754 1479 1765
1869 1464 1758
1584 1246 1933
1546 1247 1961
1840 1167 1638
1703 1124 1596
1787 1036 1843
1538 1252 1605
1910 1244 1556
1974 1213 1990
1525 1246 1548
1720 1420 1516
1529 1148 1522
1878 1362 1572
1623 1490 1622
1604 1273 1914
1682 1294 1763
1548 1071 1731
1958 1010 1764
1581 1077 1531
